587741828585750733
587733080548573339
587733441045004446
588017111296901271
588016878822162686
587739827669434558
587733423332524231
588017604163928209
587741727650414691
588015510345220223
588018056191410369
587741707807621230
587734894364524648
587739809950335135
587739646743281830
587732771035021476
588016528244342953
587735695378219172
587739646209163461
587739809950924896
588016841248276724
588010359624827028
587736543099355300
587737825670660239
587741727654346898
587727866181779783
587729408613155059
587729157902303368
588298664114782371
588009371224768658
587736545235697874
588007005792436371
587731513154011230
587738947204743350
588015510343647386
588848899897950369
588017947209629775
587741387272684136
587742627990732974
587742191527133331
588018254295793956
587739719216988293
587733411522412751
587738946684125274
587734623243141191
587742014356979863
587741815710875728
588010359080222875
587731187807486076
588848899356229845
587734863757312141
587735347486720131
587741390498627658
587736975805841654
587741817305760160
588017704022507833
588011099409678432
588010879835373685
588017567099912337
587736619863835005
587742573761527922
587745243088552096
587724648717549850
587742013293789246
587733605868503261
588848899374711007
587739720291057704
587728669342433473
587732577774469279
587742013302702348
587735344260579536
587738411398660198
587741830191972459
587738617565216912
587731886273069409
587739304753889346
587739131878113295
587742614560309447
588018254294941810
588010878761762919
587725551195259099
587735695909912783
587731500257247401
587722982293766366
588017719570399403
587742576994549961
587729227684642905
588015508207239342
588017726011211959
587731889505042537
587733080816025761
587741532784361536
587725474956378306
587725041704239228
587725552273064085
587736541485924607
587739153892573411
587739706333790401
587742015441404032
587742189898236033
587741392109895897
587725551744974913
587729970182029526
587727865643401322
587737825139818640
587738371672768610
588015508749680782
587729386076766307
588010877692412140
588016528244670522
587732772664049802
587732134302580846
587735666396103019
588298664648441907
588017710978760914
587738948821581865
587736585509339448
588013383272693940
587739459908337843
588017114521075949
588848899385721085
587736916220182838
587735661014679659
588015509278228570
588016879364079692
587725470127620165
587739707406549191
587726031715369115
587735348025819361
587731891649380503
588015508216873146
587733081891012708
587739721912615079
587732702313709810
587728669345710249
587742189377028196
587731886813282417
587731889501831361
587739845392728470
587739166237851766
587725817495617661
587742060558549240
587742773484585045
587739648358875223
588018253764821187
587728932417437868
587726013998235865
587734305416675538
588013382736609480
587739406256505031
587739295087198289
587741708346261666
587731890039029954
587736807764000771
588015509807431748
587736479201493135
587739827665961054
588017948292808803
587735428545511530
587738952029569067
587726102025732245
587741532774793359
587722984441970900
587739844322787438
587729229569851536
587733411522871451
587734950205456505
587739153892442346
587737825684095146
588017991223345252
587739407317794931
587742012744532080
587726032240640139
587739811563241731
587725773997736013
587739646201823385
587734893829750911
588017721716375557
587725492136313126
587739721908420748
587732702314299727
587732771048325249
588017702931857556
587739407314649261
587729156279631878
587730023330152621
587738568176631936
587736477059514648
587726032774758557
587742626912075825
587739609162580091
587735696443310204
587739608639209570
587725818036486283
587733079200694401
588010880372310121
587742610804048101
587739130816757898
587731185125883975
587729155206545578
587739827139051617
587739845393580433
587741816239227130
588018055651000504
587736919972839843
588298662505808052
587727866716684308
588848901533663319
587735344259727524
587739096712413276
588017992301740253
587739406236450945
587732156314747279
587736584438153528
587725471210406027
588023668102201521
587725503410405687
587738615415242878
587739131892072687
587739098599915583
587742550677323904
587741709397852208
587742609993826447
587736619857150102
588017626691338367
588017978913456334
587734303266898118
587741602574499944
587742550139928689
587739706333462710
587725469059973278
587741490905088153
587739408407462017
588018253758660718
588017977275908173
587737809034412201
587739610243203138
587742191510356067
587738946685042842
587731512606326967
587742627997745491
588007004701130963
587725980691136632
587735694837940265
587726014544543937
587731511544316025
588848899385262279
587738947753345201
587736782537425160
587738411401478200
588023669168537869
587742627986931919
587725816959664268
587733397574385826
587731187279331389
587741421102235811
587728670411129371
587738570311467161
588017719566729310
587735347484164179
587722984443674713
588017979953578057
588298661967495280
587739505552785605
587732771051929763
587736584430420257
587725577497084154
587735744223772906
587739707413823617
588017703465648154
587729159517372530
587742616706678896
587731680657014950
587734622706860223
587736977416716457
587741566050238598
587735349108605055
588017977840501063
587729387684626568
587726101494890819
587739844321542245
587741708885622812
587729160050311229
588010358547153094
587745243088355453
588017702412681493
587727866181321131
587739382057533517
587732053777580219
587733604258152716
587739809947975780
587736476512550990
587739706343162023
587738570855546984
587738952028389633
587745243621818395
587724649255534689
587739707421032614
587739506078515358
587724650337403069
587741727121080463
587735663155871760
588017977801179268
587742589870211199
587735664772907164
587739812095983773
587728307495305391
588017702399901776
587725491062046839
587729653428322808
587741390497185942
587729386076307561
587741721753223356
588018057258926316
587728905560981874
587742060531613832
587731173843730515
588017702944637145
588010135729209404
588017991232127200
587736618787537162
588016878294204578
587724650874929209
587729388214026363
587742589333536841
588016878829895876
587739844854088057
587741709403947250
588017702930415752
587739459372187780
587742061618528393
587742578055643154
587742865278238818
587741421095682122
588848900966777145
588016879899836715
587736619858133118
587738410865983510
587734305416282350
587731870708400304
587725818037862416
587741532253061155
587739812098343115
587735696449863806
587725041705812179
587729752211325537
587734623235080737
587732702314758616
587736543622987833
587739385817203075
587736541476880494
587736523760402660
587725576427340065
587736619327422935
587738568175255758
587727866718257419
587734622705287387
587735661008191728
587741601499840597
587733431922720928
587736542565171521
587741532244869320
588015508738670640
587731873390133416
587732703405998202
587733410457911661
587729386616193064
587732048940957857
588017702920388632
587739707953840352
587738411942477944
587725816961695856
588017566027022388
587735490818670621
587726032227860792
587741489834885234
587739507156844671
587739811567239394
588295841247657999
587722981746540704
587732054313599255
587725816951013536
587739459373039804
587722983911850245
587735343191425169
587736524300222667
587742863137570948
587742864743268468
587732701256679587
587736976885154015
587735661008781533
587741709423018017
587739382065660144
587736542556455170
587729388225953915
587741602560344173
587735240100610183
587736541486776683
588018054574375038
587725816953831539
587725469589635326
587736782532837460
587736916759085402
587742578068816047
588007003646853226
587728307484754021
587739408389308468
587741602037825700
587741602025177152
587739098058260640
587735664777167054
587739407324151980
587725041163960422
588017713123295507
587731185120444593
587729386604658881
587733431922131190
587726015630344588
587745970001346777
587739157113339908
587737810643845428
587735349096874150
587724648722464836
587739609707118734
587739810487861318
587742567852277890
587742061086376062
587739707425096083
587735744227901715
588011124119306288
588011219674333315
587739607547314314
587733604266410066
587731869096476836
587739115771461656
587725492671217979
587730022519668950
588297865266266199
587728309634597010
587732134310248624
587726015620841678
587735348033290418
587739651032940726
587729777975886040
587725039016476731
588297864731164766
587741726039212197
587742014344331366
587741815700914525
587729158986203294
587739810490941750
588015507671351371
588848899892707594
588017704542339194
587729782810280511
587733409910423696
587729231442673952
587741531716190330
587739165702815910
587729228224856207
587736584975286542
587736751933555021
587739609173262455
587733399708106826
587739407331819788
587737809577050238
588010878764711956
587725817490112700
588017625618383000
587731869632495783
587742568400486465
587739406768078988
587742611884998674
587733609631252724
588017977277218892
587733196771164296
587726102032220637
587725471207587940
587733397572747414
587727944029634735
587725470671306952
587731512612356113
588017570310848601
587722982291472386
587739815850148060
587729227690475600
587736942522400934
587731869630595326
587739651569549429
587739294015684664
587741601498136588
587726100419117632
587739721381576942
588017990698467523
587731679581503678
588017724410953843
587739114703683928
587729748447985929
587742575906127943
587745541059117163
587739811562782830
588016526634844322
587726033339351212
587736586047062263
587736808308146453
587739303139672071
587725775603499502
587738947736567961
587735428541644858
587739303675887709
587725552817471612
588017112365006891
588011123040452719
587726015629557855
587742062151729221
587741600415350932
587741489824071734
587739408386162821
587736478133911774
587731889502683384
588017720102551798
587742550692331884
587741489817256342
588015507676921892
587734305949089967
587744729297256656
587732590645149861
587739719226949725
588016878285685085
587742009509413066
588023669713535131
588015508757676193
587735491363012765
587739294552358946
587729408620364051
588017703993212997
587739629558104223
587732483302752508
587736914608193762
587732772669554884
587728879259287584
587736619867767004
587725469599531113
587733398652715415
587739114173300888
587741532792946760
588017702400753821
588297864181579949
587739646207787017
587729159502430386
588007003919351879
587735662626668661
587728880346202157
587739406228783237
587728906636230936
587744873715073220
587734622705090730
587724648726986830
587729971255509011
587732772659789950
587731187282673824
587734622704042325
588017702936969372
587726031177187497
587732135387005080
587742061613613141
587732702870831260
588017721182846982
587742550155461243
587738411399446695
587736813130809480
587726015089803333
587742589330522530
587725502873469085
587737809571021062
588010136263917744
587732154179452963
588010357997240467
587735694842855515
587735344802627621
587731185121427706
587745403080671258
588016526098497670
587729972327350453
587742903937269767
587741490371166352
587741533842767999
587732578831106533
587742061602734254
587736809912926377
587736914603213018
587741489824071694
587725491064733979
587734861608321127
588015508200751249
587731185673306218
587729154670395609
587734623238291691
587729158434193606
587731868019654768
587732482206531669
588298663038025903
587731511548772540
587726013998694512
588017947750170722
587732578312781977
587731681188184100
587725994110943375
587741532227961157
587731514220347522
587732771591356583
587735349114110097
588017721713164429
587738568705966195
587732578844344559
587732578312454276
587739130804830369
587742610266849619
587722984443150620
587735348564787211
587731498648142020
587733398096183478
587739809959117122
587725551206269029
587729157903876268
588017627230830672
587739707957575911
588848900977983494
587739829274673302
587741720679612428
587732771578380440
587739721898328168
587722983907328344
587745403617607780
588848899921215697
588013383284162653
587742014909710459
588023669706326168
588017702402916480
587728668803793232
587732482204565643
588013382188531979
588017977830998102
587728881418174600
587733412061970563
587729232514318575
588017990686802085
587726014000201850
587724649797976224
587736977420517513
587733409908326561
587735661552599215
587732771053043914
587742059998675034
588848899927114022
587732469852602568
587739647810076773
587742775636525143
587725039026110540
588018254302478639
587736976888889787
588298662508560579
587739381522563185
587739407328346335
587741533317496937
587739721383084329
587741532249980994
588017603605168192
587739828216856651
587742577531814030
588013382208651420
588010878766219439
587736897964933218
587725470673141910
587741391036678265
587725551216754733
587738615951589410
587729409150550045
588018056192131243
588017978349453425
587742577524801587
587735666916327522
587731513678692463
587722982827163823
588013382206816482
587736478130307277
587745244165243017
587742190448476296
587731887343927520
588010880382795906
587742610269470993
587741727121801323
587732577222787441
588017702414713129
587734948584030466
587744727151083746
588017729228767392
587732577229406405
587731521739096277
587733605329207415
